46471
38579
46302
37495
46087
38543
37496
46161
45949
45873
38605
46051
37595
38536
45814
45813
45853
38614
994141
45782
46639
45821
38612
994143
956312
46383
46322
38546
38592
46497
994116
38682
46074
38663
45794
37597
956302
46020
46813
46684
46072
994137
994133
949275
38571
46741
994148
46413
46409
37513
45796
46624
46771
38540
46271
45829
956305
46743
45787
46737
46166
45876
46487
46490
38626
46683
45781
37596
46596
46474
38553
46056
46806
46414
45844
45806
997105
46384
46017
38624
46462
46455
46774
46607
46484
46428
46448
46094
46398
38554
46081
45916
38631
45779
38548
46588
45848
46022
38570
45827
174
8839
8874
169
172
175
8827
956731
1
9
6
10
2
5
3
40828
45836
44336
46471
37495
46087
38543
37496
46161
45873
45949
38605
37595
38536
994141
45814
45813
45853
38614
45782
45821
38612
994143
46383
46322
38546
38592
46497
994116
38682
38663
46684
46020
46813
994137
994133
949275
38571
46741
46413
46409
37513
994151
38540
46771
46271
45829
956305
46743
45787
46737
46166
46487
46490
38626
46683
45781
46806
37596
38553
46596
46474
46056
45844
46414
45806
997105
46384
46017
38624
46462
46607
46484
46428
46081
46448
46094
46398
38554
45916
38631
45779
38548
46588
45848
46022
38632
38570
45827
994117
46600
38544
45775
994230
46399
994140
46544
38639
46489
46460
46443
46694
45867
46725
46171
38545
46347
37521
46323
45953
46096
38537
46273
46822
46475
45785
46805
959560
37497
46669
46345
46401
949274
38581
45811
46143
45836
994124
38623
38573
46155
949276
46001
994136
46411
46543
38693
38549
45808
46023
46430
45870
46039
46485
38541
46021
46403
46060
45967
46682
46670
46173
45815
44548
1009419
46814
46144
45950
46498
46190
37502
46446
46526
949267
38694
46167
45975
46491
45956
46412
46426
45963
38580
46220
37489
45861
38681
46499
46613
994118
949266
46321
46104
46809
46671
46734
959557
46726
45778
45864
994115
46397
46327
46685
45850
986887
46129
46176
38567
45890
46608
45809
46295
38640
38617
46225
46233
38609
959556
959558
46163
38647
46202
38667
46673
956320
994134
995628
959559
38604
46059
46079
45841
46148
46594
46492
46168
38569
962222
37492
38621
46114
994135
46235
46447
45985
45865
38701
46521
38542
949273
45780
46769
38538
46346
46049
46325
38539
46807
1009021
46318
46015
45824
46803
46606
46604
46011
994142
46264
994139
37485
46364
46727
46502
46090
37490
38606
45807
38607
46477
38611
38616
46672
46183
994123
45996
46230
38551
46016
997714
1009167
956313
46319
46139
46781
1009023
46288
46538
46692
46415
956310
38615
45840
46317
45945
46133
37538
46735
46027
46331
38641
38622
38610
46483
45777
37512
44523
46804
45845
46221
46101
45872
46002
45776
46291
46802
942310
46332
38613
949270
46338
46292
46008
46250
46518
46542
46417
46369
46070
46105
46246
1009019
37482
38582
38550
38704
46532
38664
45976
45923
46402
949268
46046
46333
46336
46018
45852
46031
45978
45843
46040
46724
46328
46126
46545
46324
46152
38651
46239
46320
46109
46524
46329
998487
956318
46227
998494
46370
46128
46817
997715
38608
46341
956317
46068
38645
46270
46048
46352
45862
46106
46816
46142
46810
45822
46435
956314
46339
1009078
45826
45820
46488
45846
45999
998488
46770
46350
46026
46118
46349
46287
45957
46170
45995
38564
46342
994132
45955
46529
45825
46028
45972
37516
46367
46784
46156
46496
46012
46733
46431
46122
997661
46330
46343
46344
45970
46436
46216
46348
38552
46433
45994
46091
45990
46351
46473
46540
46125
46434
46266
46237
46182
45965
46050
46536
38628
46208
45897
46742
45991
45851
46782
45819
46337
46525
46242
46042
46172
46720
46516
46153
959564
46058
46786
46610
46335
46340
46137
46785
45969
46778
45919
46587
45924
46112
46085
46098
994131
46276
46277
994122
45966
994113
956307
994229
956304
46818
45939
46033
45948
45935
45909
45891
45863
45818
45893
45817
994144
994146
994147
38642
45842
995617
998419
994138
45833
45899
38648
45980
45981
1009025
1009024
45816
45812
45898
45810
994150
38603
997774
997773
997772
997776
997777
997975
997974
997779
997771
997770
997759
997758
997757
997762
997763
997765
997764
997977
997978
1008891
1008870
1008868
1008892
1010571
1009124
38504
1008853
1008830
998526
998525
998524
998528
1008823
1008829
1008825
997756
997755
997736
46461
38547
997740
997741
997963
997742
976561
38625
1008820
1008817
1008793
1008821
996526
997953
996527
1008822
1009434
997675
997674
997673
997676
997677
997754
997678
997672
997101
1010565
1009448
1009438
997666
38163
38221
38200
1008792
46003
46652
46651
46650
46653
46192
46184
46188
46649
46648
46643
46642
46644
46645
46647
46646
46674
46181
46714
46713
46715
46716
46718
46717
46712
46711
46174
46175
46165
46478
46710
46709
46215
46217
46522
46306
46520
46523
46305
46527
46304
46519
46307
46334
37480
46501
46326
46517
46515
46528
46404
46223
46228
46222
46219
46218
46605
46232
46248
46531
46530
46289
46533
46272
46534
46719
46721
46024
46025
46432
46449
949271
46010
949272
46035
46824
46057
46078
46815
46821
46823
46041
46006
46004
956321
45987
45983
45982
45971
45977
956319
45988
45993
46486
956311
45992
956316
956315
46088
46093
46740
46739
46134
46132
46117
46119
46738
46135
46723
46722
46154
46146
46136
46140
46790
46791
46801
46800
46115
46111
46097
46100
46799
46798
46793
46792
46794
46795
46797
46796
976560
174
8839
8874
169
172
175
8827
956731
1
9
6
10
2
5
3
46624
40828
44336
46639
956312
956302
994148
46455
994145
46601
949284
46602
46355
46187
46480
994149
46691
46481
949281
38620
994121
38634
46686
38599
959561
46668
994119
46465
46820
38660
46504
46459
46358
949282
46429
46479
959555
46316
46464
46675
38595
38585
46467
38586
38687
949278
46374
45998
38686
46395
46689
46456
994129
994125
38638
46482
46457
38688
959562
46159
38633
46315
46466
38601
46677
949285
38600
46372
37558
45832
46688
46169
46390
46589
994120
45788
38618
46186
959563
45830
37559
46690
38695
46422
46780
37433
46360
46127
38589
46603
994126
46120
994130
46037
46663
46309
46290
46313
38619
46388
38597
46458
994128
46274
46825
38637
46286
38655
38602
38635
46819
46376
46424
46185
45951
46463
38636
46387
46421
38598
46419
949283
46664
38684
46535
46378
45922
46660
46662
46145
46678
46177
46386
45954
46665
46680
46029
46373
45958
46666
994127
46311
45962
46828
949279
45964
45960
45961
956309
45937
45944
38662
46379
46377
46375
995744
46396
46514
38312
46788
46681
46679
37593
38596
38661
45968
38689
44514
38659
38656
38652
38653
38654
45831
46113
46636
46635
46630
46637
46638
46641
46640
46308
46628
46612
46420
37431
46423
46389
46356
46310
46312
46314
46654
46655
46110
46425
46687
46107
46693
46787
46728
46695
46178
46179
46658
46657
46656
46659
46661
46200
46667
46226
45973
174
8839
8874
169
172
175
8827
956731
1
9
6
10
2
5
3
46624
40828
37595
45814
45836
44336
38553
46624
37592
46618
38677
46830
46617
46619
46620
46614
38675
38672
45900
45902
46158
46615
174
8839
8874
169
172
175
8827
956731
1
9
6
10
2
5
3
40828
37595
45814
45836
44336
38553
38579
46302
46051
46074
45794
37597
46072
45796
45876
46774
38671
45877
46123
37575
46073
45928
38683
45906
46054
45858
38556
46082
46551
46578
45795
951489
45803
45799
45892
46576
45875
46063
46279
45798
46080
45834
46757
45886
45943
46703
45839
46754
45887
45989
45789
46075
46160
46147
45927
46572
45800
46067
46756
45802
45931
46285
45804
45801
37463
46584
45942
46071
46280
46506
45797
46701
46047
46303
46065
46077
45879
45805
46207
46275
46064
46699
46092
46571
46559
46569
46558
46579
46580
46568
46560
46567
46566
46564
46563
46562
46565
46753
46296
46297
47108
46775
46773
46298
46299
998531
46755
46751
46750
46772
46768
46700
46752
46634
46633
46632
46557
46763
46767
46766
46765
46764
46631
46149
45878
45883
45874
45866
45860
45904
45905
45936
45941
45934
45933
45932
45856
45855
38669
38670
38668
38630
38555
45719
45790
45854
45838
45837
45791
46086
46103
46547
46548
46546
46440
46438
46549
46550
46555
46554
46553
46552
46437
46301
46151
46162
46150
37459
46124
46201
46209
46282
46268
46224
46211
46556
174
8839
8874
169
172
175
8827
956731
1
9
6
10
2
5
3
46624
40828
37595
45814
45836
44336
38553
46749
46748
45979
46747
46745
46045
38588
46744
46019
46746
956306
45857
38685
174
8839
8874
169
172
175
8827
956731
1
9
6
10
2
5
3
46624
40828
37595
45814
45836
44336
38553