1
2
3
5
6
9
10
169
172
174
175
8827
8839
8874
37431
37433
37459
37463
37480
37482
37485
37489
37490
37492
37495
37496
37497
37502
37512
37513
37516
37521
37538
37558
37559
37575
37592
37593
37595
37596
37597
38163
38200
38221
38312
38504
38536
38537
38538
38539
38540
38541
38542
38543
38544
38545
38546
38547
38548
38549
38550
38551
38552
38553
38554
38555
38556
38564
38567
38569
38570
38571
38573
38579
38580
38581
38582
38585
38586
38588
38589
38592
38595
38596
38597
38598
38599
38600
38601
38602
38603
38604
38605
38606
38607
38608
38609
38610
38611
38612
38613
38614
38615
38616
38617
38618
38619
38620
38621
38622
38623
38624
38625
38626
38628
38630
38631
38632
38633
38634
38635
38636
38637
38638
38639
38640
38641
38642
38645
38647
38648
38651
38652
38653
38654
38655
38656
38659
38660
38661
38662
38663
38664
38667
38668
38669
38670
38671
38672
38675
38677
38681
38682
38683
38684
38685
38686
38687
38688
38689
38693
38694
38695
38701
38704
40828
44336
44514
44523
44548
45719
45775
45776
45777
45778
45779
45780
45781
45782
45785
45787
45788
45789
45790
45791
45794
45795
45796
45797
45798
45799
45800
45801
45802
45803
45804
45805
45806
45807
45808
45809
45810
45811
45812
45813
45814
45815
45816
45817
45818
45819
45820
45821
45822
45824
45825
45826
45827
45829
45830
45831
45832
45833
45834
45836
45837
45838
45839
45840
45841
45842
45843
45844
45845
45846
45848
45850
45851
45852
45853
45854
45855
45856
45857
45858
45860
45861
45862
45863
45864
45865
45866
45867
45870
45872
45873
45874
45875
45876
45877
45878
45879
45883
45886
45887
45890
45891
45892
45893
45897
45898
45899
45900
45902
45904
45905
45906
45909
45916
45919
45922
45923
45924
45927
45928
45931
45932
45933
45934
45935
45936
45937
45939
45941
45942
45943
45944
45945
45948
45949
45950
45951
45953
45954
45955
45956
45957
45958
45960
45961
45962
45963
45964
45965
45966
45967
45968
45969
45970
45971
45972
45973
45975
45976
45977
45978
45979
45980
45981
45982
45983
45985
45987
45988
45989
45990
45991
45992
45993
45994
45995
45996
45998
45999
46001
46002
46003
46004
46006
46008
46010
46011
46012
46015
46016
46017
46018
46019
46020
46021
46022
46023
46024
46025
46026
46027
46028
46029
46031
46033
46035
46037
46039
46040
46041
46042
46045
46046
46047
46048
46049
46050
46051
46054
46056
46057
46058
46059
46060
46063
46064
46065
46067
46068
46070
46071
46072
46073
46074
46075
46077
46078
46079
46080
46081
46082
46085
46086
46087
46088
46090
46091
46092
46093
46094
46096
46097
46098
46100
46101
46103
46104
46105
46106
46107
46109
46110
46111
46112
46113
46114
46115
46117
46118
46119
46120
46122
46123
46124
46125
46126
46127
46128
46129
46132
46133
46134
46135
46136
46137
46139
46140
46142
46143
46144
46145
46146
46147
46148
46149
46150
46151
46152
46153
46154
46155
46156
46158
46159
46160
46161
46162
46163
46165
46166
46167
46168
46169
46170
46171
46172
46173
46174
46175
46176
46177
46178
46179
46181
46182
46183
46184
46185
46186
46187
46188
46190
46192
46200
46201
46202
46207
46208
46209
46211
46215
46216
46217
46218
46219
46220
46221
46222
46223
46224
46225
46226
46227
46228
46230
46232
46233
46235
46237
46239
46242
46246
46248
46250
46264
46266
46268
46270
46271
46272
46273
46274
46275
46276
46277
46279
46280
46282
46285
46286
46287
46288
46289
46290
46291
46292
46295
46296
46297
46298
46299
46301
46302
46303
46304
46305
46306
46307
46308
46309
46310
46311
46312
46313
46314
46315
46316
46317
46318
46319
46320
46321
46322
46323
46324
46325
46326
46327
46328
46329
46330
46331
46332
46333
46334
46335
46336
46337
46338
46339
46340
46341
46342
46343
46344
46345
46346
46347
46348
46349
46350
46351
46352
46355
46356
46358
46360
46364
46367
46369
46370
46372
46373
46374
46375
46376
46377
46378
46379
46383
46384
46386
46387
46388
46389
46390
46395
46396
46397
46398
46399
46401
46402
46403
46404
46409
46411
46412
46413
46414
46415
46417
46419
46420
46421
46422
46423
46424
46425
46426
46428
46429
46430
46431
46432
46433
46434
46435
46436
46437
46438
46440
46443
46446
46447
46448
46449
46455
46456
46457
46458
46459
46460
46461
46462
46463
46464
46465
46466
46467
46471
46473
46474
46475
46477
46478
46479
46480
46481
46482
46483
46484
46485
46486
46487
46488
46489
46490
46491
46492
46496
46497
46498
46499
46501
46502
46504
46506
46514
46515
46516
46517
46518
46519
46520
46521
46522
46523
46524
46525
46526
46527
46528
46529
46530
46531
46532
46533
46534
46535
46536
46538
46540
46542
46543
46544
46545
46546
46547
46548
46549
46550
46551
46552
46553
46554
46555
46556
46557
46558
46559
46560
46562
46563
46564
46565
46566
46567
46568
46569
46571
46572
46576
46578
46579
46580
46584
46587
46588
46589
46594
46596
46600
46601
46602
46603
46604
46605
46606
46607
46608
46610
46612
46613
46614
46615
46617
46618
46619
46620
46624
46628
46630
46631
46632
46633
46634
46635
46636
46637
46638
46639
46640
46641
46642
46643
46644
46645
46646
46647
46648
46649
46650
46651
46652
46653
46654
46655
46656
46657
46658
46659
46660
46661
46662
46663
46664
46665
46666
46667
46668
46669
46670
46671
46672
46673
46674
46675
46677
46678
46679
46680
46681
46682
46683
46684
46685
46686
46687
46688
46689
46690
46691
46692
46693
46694
46695
46699
46700
46701
46703
46709
46710
46711
46712
46713
46714
46715
46716
46717
46718
46719
46720
46721
46722
46723
46724
46725
46726
46727
46728
46733
46734
46735
46737
46738
46739
46740
46741
46742
46743
46744
46745
46746
46747
46748
46749
46750
46751
46752
46753
46754
46755
46756
46757
46763
46764
46765
46766
46767
46768
46769
46770
46771
46772
46773
46774
46775
46778
46780
46781
46782
46784
46785
46786
46787
46788
46790
46791
46792
46793
46794
46795
46796
46797
46798
46799
46800
46801
46802
46803
46804
46805
46806
46807
46809
46810
46813
46814
46815
46816
46817
46818
46819
46820
46821
46822
46823
46824
46825
46828
46830
47108
942310
949266
949267
949268
949270
949271
949272
949273
949274
949275
949276
949278
949279
949281
949282
949283
949284
949285
951489
956302
956304
956305
956306
956307
956309
956310
956311
956312
956313
956314
956315
956316
956317
956318
956319
956320
956321
956731
959555
959556
959557
959558
959559
959560
959561
959562
959563
959564
962222
976560
976561
986887
994113
994115
994116
994117
994118
994119
994120
994121
994122
994123
994124
994125
994126
994127
994128
994129
994130
994131
994132
994133
994134
994135
994136
994137
994138
994139
994140
994141
994142
994143
994144
994145
994146
994147
994148
994149
994150
994151
994229
994230
995617
995628
995744
996526
996527
997101
997105
997661
997666
997672
997673
997674
997675
997676
997677
997678
997714
997715
997736
997740
997741
997742
997754
997755
997756
997757
997758
997759
997762
997763
997764
997765
997770
997771
997772
997773
997774
997776
997777
997779
997953
997963
997974
997975
997977
997978
998419
998487
998488
998494
998524
998525
998526
998528
998531
1008792
1008793
1008817
1008820
1008821
1008822
1008823
1008825
1008829
1008830
1008853
1008868
1008870
1008891
1008892
1009019
1009021
1009023
1009024
1009025
1009078
1009124
1009167
1009419
1009434
1009438
1009448
1010565
1010571
